elapsed, window, n, min, mean, median, 95th, 99th, 99_9th, max, errors
5.000028, 5.000028, 200418, 11262, 57476.3, 57874, 76282, 82551, 89015, 102086, 0
10.000396, 5.000368, 189823, 15830, 58932.4, 59349, 77706, 83858, 90856, 103539, 0
15.000605, 5.000209, 191527, 13787, 58775.8, 59132, 77802, 84237, 91531, 115472, 0
20.002949, 5.002344, 190644, 15652, 59055.6, 59381, 78089, 84674, 92594, 111283, 0
25.000634, 4.997685, 190373, 17340, 59044.7, 59419, 77791, 84161, 91777, 111283, 0
30.001856, 5.001222, 192476, 11163, 58807.6, 59192, 77548, 83804, 90691, 111984, 0
35.000035, 4.998179, 190547, 15309, 58930.2, 59315, 77662, 83909, 90991, 109308, 0
40.000144, 5.000109, 191241, 12828, 58942.2, 59344, 77706, 83885, 90574, 102088, 0
45.00222, 5.002076, 189832, 16261, 59097.0, 59470, 77921, 84293, 91032, 102234, 0
50.000287, 4.998067, 189962, 13313, 59133.8, 59537, 77676, 83947, 90572, 100978, 0
55.002685, 5.002398, 189611, 15638, 59158.2, 59542, 77790, 84095, 91491, 110947, 0
60.000059, 4.997374, 190748, 14637, 58999.1, 59376, 77621, 83968, 90500, 101848, 0
65.001197, 5.001138, 190104, 16511, 59200.0, 59556, 77955, 84308, 90799, 108465, 0
70.000011, 4.998814, 189167, 17088, 59361.6, 59704, 78213, 84562, 91422, 106202, 0
75.000335, 5.000324, 189297, 14150, 59386.0, 59751, 78241, 84784, 92444, 108232, 0
80.000892, 5.000557, 190486, 15337, 59369.8, 59698, 78281, 84768, 92026, 109446, 0
85.000705, 4.999813, 189134, 16110, 59433.2, 59773, 78391, 84953, 92153, 110924, 0
90.000753, 5.000048, 190248, 16903, 59359.5, 59677, 78328, 84904, 93066, 112774, 0
95.002533, 5.00178, 188989, 16196, 59365.9, 59704, 78512, 85106, 93012, 113730, 0
100.000148, 4.997615, 189082, 14764, 59535.6, 59860, 78480, 85187, 93079, 108162, 0
105.001892, 5.001744, 189037, 18703, 59490.4, 59841, 78248, 84635, 91728, 116247, 0
110.000169, 4.998277, 187807, 15870, 59703.1, 60107, 78376, 84703, 91903, 108403, 0
115.000037, 4.999868, 188322, 15432, 59711.2, 60016, 78626, 85146, 92416, 113600, 0
120.000875, 5.000838, 190054, 14737, 59379.0, 59706, 78094, 84492, 91312, 106105, 0
125.000057, 4.999182, 189046, 17550, 59379.9, 59742, 78053, 84359, 91224, 109033, 0
130.000858, 5.000801, 189325, 16830, 59464.5, 59831, 78142, 84338, 91539, 103322, 0
135.00257, 5.001712, 188284, 16146, 59610.2, 60029, 77926, 84020, 90365, 112921, 0
140.001964, 4.999394, 188440, 16745, 59524.3, 59950, 77703, 83752, 89828, 102909, 0
145.000258, 4.998294, 190499, 19193, 59214.1, 59591, 77521, 83576, 90331, 104045, 0
150.000457, 5.000199, 189997, 14170, 59103.4, 59472, 77773, 83820, 91063, 105652, 0
155.000122, 4.999665, 190071, 14903, 59388.0, 59762, 78161, 84660, 93275, 122031, 0
160.002107, 5.001985, 189662, 17610, 59185.4, 59560, 77735, 84098, 91610, 109740, 0
165.00014, 4.998033, 190500, 16397, 59040.2, 59402, 77602, 84031, 91568, 110117, 0
170.000011, 4.999871, 190885, 16604, 59053.6, 59414, 77679, 83983, 90945, 109518, 0
175.000273, 5.000262, 190380, 17599, 59094.3, 59470, 77648, 83905, 90385, 102488, 0
180.002444, 5.002171, 191626, 15437, 58932.2, 59308, 77724, 83966, 90630, 108255, 0
185.000303, 4.997859, 190591, 15641, 58869.1, 59258, 77563, 83741, 90859, 112015, 0
190.000168, 4.999865, 191321, 13649, 58829.3, 59167, 77533, 83903, 90886, 107669, 0
195.000184, 5.000016, 190709, 14550, 58900.4, 59277, 77764, 84040, 91044, 106594, 0
200.001828, 5.001644, 191945, 15341, 58802.3, 59175, 77678, 83961, 90811, 106061, 0
205.000106, 4.998278, 189943, 15937, 58841.3, 59219, 77744, 83997, 91107, 105673, 0
210.00083, 5.000724, 191033, 18019, 58911.8, 59293, 77658, 83873, 90518, 105744, 0
215.000128, 4.999298, 191087, 15902, 58789.8, 59175, 77437, 83477, 89763, 112464, 0
220.000874, 5.000746, 192374, 15836, 58871.8, 59241, 77608, 83983, 91078, 104248, 0
225.000154, 4.99928, 191350, 14058, 58876.6, 59289, 77627, 83985, 91109, 105645, 0
230.001734, 5.00158, 190837, 17600, 58838.4, 59228, 77491, 83783, 90733, 109738, 0
235.001651, 4.999917, 191308, 16156, 58888.3, 59258, 77694, 83897, 91000, 119463, 0
240.000675, 4.999024, 191291, 16040, 58701.3, 59091, 77324, 83402, 90014, 105378, 0
245.00124, 5.000565, 192309, 17764, 58713.6, 59096, 77553, 83970, 90895, 103703, 0
250.000289, 4.999049, 191635, 16522, 58680.7, 59079, 77521, 83741, 90483, 106426, 0
255.000754, 5.000465, 191976, 15475, 58745.5, 59137, 77650, 83978, 90763, 105533, 0
260.000462, 4.999708, 191871, 14192, 58612.1, 58976, 77417, 83639, 90068, 106240, 0
265.000133, 4.999671, 191748, 15803, 58478.0, 58830, 77422, 83606, 90370, 107707, 0
270.002257, 5.002124, 191212, 17490, 58664.2, 59042, 77530, 83818, 90915, 107707, 0
275.000117, 4.99786, 192497, 14163, 58631.9, 59030, 77359, 83572, 90211, 105343, 0
280.001004, 5.000887, 191257, 17305, 58678.7, 59065, 77474, 83648, 90377, 105163, 0
285.000028, 4.999024, 192019, 14918, 58652.1, 59019, 77520, 83866, 90861, 114255, 0
290.000885, 5.000857, 192090, 10692, 58622.4, 58976, 77448, 83705, 90834, 116833, 0
295.000128, 4.999243, 192218, 15999, 58573.9, 58964, 77418, 83961, 91443, 111705, 0
300.001518, 5.00139, 191803, 15999, 58609.8, 58918, 77558, 83997, 91413, 108116, 0
301.090682, 1.089164, 25827, 16190, 58544.2, 58864, 77431, 83763, 91018, 110707, 0
