elapsed, window, n, min, mean, median, 95th, 99th, 99_9th, max, errors
5.000043, 5.000043, 17743, 16472, 32713.6, 32347, 40206, 45600, 52168, 60267, 10039
10.000915, 5.000872, 18540, 13516, 32687.3, 32229, 40575, 45635, 51139, 64380, 11677
15.000137, 4.999222, 17017, 13516, 33149.2, 32559, 42731, 47379, 56515, 64730, 10094
20.0004, 5.000263, 16486, 16718, 33085.3, 32440, 42028, 46961, 52827, 64661, 9995
25.000328, 4.999928, 11423, 15660, 36511.8, 32251, 42848, 66563, 1036424, 1067890, 6608
30.000321, 4.999993, 3175, 17690, 118820.7, 33313, 1030515, 1054101, 1074276, 1105867, 1450
35.001331, 5.00101, 3148, 17455, 134397.2, 33402, 1031121, 1057134, 1073657, 1106821, 1366
40.001351, 5.00002, 3133, 15566, 128531.9, 33223, 1031015, 1056941, 1084933, 1106821, 1380
45.000275, 4.998924, 2999, 17575, 129054.5, 33088, 1031138, 1058942, 1091475, 1102597, 1392
50.000221, 4.999946, 3104, 17671, 133550.7, 33708, 1031180, 1058492, 1070576, 1100143, 1373
55.000301, 5.00008, 3126, 17247, 128200.2, 33756, 1030515, 1054270, 1072967, 1086407, 1415
60.000121, 4.99982, 3107, 16595, 134898.2, 33362, 1031918, 1063376, 1090977, 1104930, 1419
65.000272, 5.000151, 3192, 13632, 122554.9, 32858, 1030602, 1057158, 1077892, 1093976, 1449
70.000377, 5.000105, 3019, 18717, 147886.7, 34021, 1031861, 1061937, 1080747, 1104658, 1322
75.000057, 4.99968, 3240, 16173, 130974.6, 33662, 1031401, 1057438, 1081084, 1106491, 1452
80.000285, 5.000228, 3158, 16323, 123917.2, 33219, 1030631, 1055265, 1072026, 1086730, 1506
85.000259, 4.999974, 3072, 17855, 124518.7, 33052, 1030373, 1052760, 1069961, 1093711, 1449
90.000023, 4.999764, 3069, 16937, 141351.7, 33500, 1031247, 1055805, 1070259, 1103800, 1392
95.001319, 5.001296, 3134, 16835, 129021.6, 32997, 1030791, 1053699, 1073295, 1094017, 1397
100.000014, 4.998695, 3103, 16031, 141333.2, 33195, 1031847, 1058031, 1079995, 1108771, 1381
105.001339, 5.001325, 3125, 17154, 126361.6, 32853, 1030830, 1055586, 1069720, 1091547, 1467
110.00132, 4.999981, 3146, 17009, 139060.3, 33013, 1032124, 1061798, 1078107, 1081679, 1390
115.001317, 4.999997, 2964, 17009, 130612.9, 33041, 1031118, 1052871, 1070596, 1097517, 1422
120.000303, 4.998986, 2870, 17893, 139839.0, 33279, 1031135, 1058066, 1087165, 1092572, 1369
125.001147, 5.000844, 3182, 16554, 128607.9, 33353, 1030869, 1053312, 1078632, 1105001, 1397
130.001318, 5.000171, 3060, 16410, 141181.2, 33225, 1031748, 1059617, 1081475, 1119335, 1372
135.0013, 4.999982, 3087, 18154, 140230.1, 33383, 1031736, 1057820, 1079832, 1096694, 1392
140.000058, 4.998758, 3068, 16569, 138756.1, 33555, 1031496, 1063155, 1078530, 1098901, 1416
145.000315, 5.000257, 3134, 14523, 132907.7, 33639, 1031733, 1060658, 1083835, 1101971, 1399
150.001307, 5.000992, 3250, 17692, 135524.4, 33190, 1031857, 1058092, 1084177, 1098647, 1408
155.00008, 4.998773, 3142, 15591, 134000.1, 33131, 1031022, 1056795, 1073183, 1088766, 1443
160.00132, 5.00124, 3169, 17044, 122277.5, 33020, 1030214, 1053551, 1074103, 1085312, 1392
165.001271, 4.999951, 3076, 16358, 134270.7, 33100, 1031466, 1060191, 1077613, 1097514, 1387
170.000022, 4.998751, 3214, 17348, 123822.3, 32937, 1030024, 1052186, 1090345, 1101909, 1425
175.000335, 5.000313, 3040, 17462, 137094.5, 33101, 1031445, 1060759, 1074286, 1097955, 1392
180.000391, 5.000056, 3015, 17691, 142327.0, 33391, 1031729, 1059175, 1072932, 1091308, 1325
185.000009, 4.999618, 3155, 17663, 124908.6, 33239, 1030587, 1052262, 1074993, 1091923, 1416
190.001319, 5.00131, 3118, 17703, 138010.0, 33095, 1031925, 1060672, 1081593, 1111488, 1341
195.000178, 4.998859, 3123, 18109, 134313.5, 33579, 1031284, 1060146, 1073630, 1081812, 1391
200.0009, 5.000722, 3143, 17047, 129201.8, 33053, 1031187, 1057424, 1074455, 1123672, 1445
205.000316, 4.999416, 3081, 17018, 126185.3, 32858, 1030993, 1057577, 1076688, 1113542, 1464
210.000348, 5.000032, 3121, 17007, 125429.9, 33102, 1030828, 1054596, 1078253, 1091192, 1436
215.000321, 4.999973, 3176, 17419, 129483.8, 32981, 1031048, 1055454, 1071632, 1092309, 1421
220.001453, 5.001132, 3295, 17649, 124508.1, 32930, 1030813, 1057958, 1077191, 1096641, 1457
225.000288, 4.998835, 3188, 17768, 127484.9, 33373, 1031188, 1057912, 1074538, 1108833, 1427
230.001316, 5.001028, 3248, 19053, 127851.6, 33482, 1030370, 1054988, 1076017, 1130700, 1507
235.00132, 5.000004, 3136, 14759, 127627.8, 33624, 1031111, 1055617, 1076446, 1105552, 1376
240.00135, 5.00003, 3151, 17152, 130929.5, 33371, 1031267, 1058505, 1076446, 1088279, 1414
245.001193, 4.999843, 3004, 16405, 147201.5, 34215, 1032809, 1062371, 1081526, 1097876, 1360
250.001326, 5.000133, 3156, 17024, 129384.9, 33459, 1031272, 1056328, 1081526, 1097791, 1450
255.000419, 4.999093, 2985, 16746, 130796.2, 33060, 1031128, 1057511, 1091655, 1095885, 1374
260.000345, 4.999926, 3045, 14333, 136873.1, 33982, 1031325, 1058544, 1081840, 1092650, 1428
265.001319, 5.000974, 3109, 18375, 129646.6, 33504, 1030513, 1055098, 1076831, 1094720, 1383
270.000222, 4.998903, 3093, 19177, 127346.2, 33728, 1030584, 1053486, 1075131, 1086935, 1443
275.000362, 5.00014, 3083, 15997, 134880.1, 32999, 1031240, 1059889, 1084562, 1106429, 1417
280.001319, 5.000957, 3119, 17091, 125379.4, 33097, 1031206, 1060126, 1084653, 1096452, 1385
285.000403, 4.999084, 3051, 17091, 133137.5, 33085, 1031097, 1057996, 1079718, 1096146, 1421
290.000154, 4.999751, 2894, 17134, 146363.9, 33527, 1032121, 1063144, 1078350, 1107116, 1379
295.000327, 5.000173, 3282, 16318, 130845.1, 33284, 1031548, 1057592, 1069919, 1080929, 1400
300.001321, 5.000994, 3235, 16367, 126726.7, 33105, 1031027, 1058885, 1085337, 1105595, 1455
301.016299, 1.014978, 499, 16367, 135730.8, 33202, 1031600, 1063087, 1090778, 1105595, 219
